Jahr;Jan;Feb;Mrz;Apr;Mai;Jun;Jul;Aug;Sep;Okt;Nov;Dez
1996;;;;;;;4.0;10.0;6.0;11.0;18.0;11.0
1997;9.0;14.0;4.0;3.0;13.0;15.0;4.0;9.0;3.0;10.0;25.0;20.0
1998;15.0;3.0;10.0;24.0;4.0;12.0;9.0;1.0;15.0;20.0;12.0;18.0
1999;17.0;8.0;12.0;19.0;8.0;10.0;2.0;16.0;18.0;11.0;12.0;25.0
2000;7.0;16.0;7.0;15.0;13.0;7.0;7.0;10.0;16.0;19.0;23.0;22.0
2001;21.0;9.0;23.0;12.0;5.0;5.0;9.0;8.0;7.0;14.0;6.0;6.0
2002;19.0;18.0;9.0;5.0;13.0;11.0;8.0;6.0;4.0;15.0;27.0;22.0
2003;15.0;10.0;8.0;9.0;13.0;12.0;12.0;3.0;6.0;13.0;17.0;10.0

