Jahr;Jan;Feb;Mrz;Apr;Mai;Jun;Jul;Aug;Sep;Okt;Nov;Dez
1999;;;9.0;12.0;6.0;10.0;7.0;;8.0;9.0;9.0;19.0
2000;11.0;16.0;14.0;10.0;11.0;8.0;22.0;13.0;13.0;13.0;;
2009;;;;;;10.0;14.0;7.0;8.0;9.0;17.0;14.0
2010;10.0;13.0;9.0;1.0;12.0;5.0;10.0;18.0;12.0;9.0;11.0;17.0
2011;15.0;10.0;3.0;4.0;5.0;17.0;10.0;16.0;8.0;6.0;0.0;20.0
2012;17.0;9.0;3.0;11.0;11.0;18.0;16.0;4.0;8.0;14.0;10.0;18.0
2013;12.0;12.0;7.0;7.0;17.0;11.0;7.0;9.0;11.0;12.0;11.0;7.0
2014;10.0;6.0;3.0;11.0;11.0;6.0;14.0;16.0;6.0;13.0;6.0;15.0

