Jahr;Jan;Feb;Mrz;Apr;Mai;Jun;Jul;Aug;Sep;Okt;Nov;Dez
2007;;;5.0;3.0;12.0;14.0;17.0;20.0;;13.0;;
2008;0.0;1.0;5.0;2.0;21.0;14.0;9.0;19.0;19.0;12.0;4.0;0.0
2009;0.0;1.0;1.0;9.0;12.0;16.0;16.0;16.0;19.0;7.0;0.0;0.0
2010;1.0;1.0;0.0;4.0;7.0;13.0;8.0;21.0;13.0;10.0;0.0;0.0
2011;0.0;1.0;1.0;6.0;15.0;14.0;17.0;22.0;22.0;9.0;0.0;0.0
2012;3.0;0.0;4.0;4.0;15.0;10.0;17.0;18.0;19.0;4.0;4.0;0.0
2013;0.0;0.0;5.0;6.0;15.0;10.0;18.0;16.0;23.0;4.0;1.0;2.0
2014;0.0;0.0;0.0;4.0;4.0;21.0;22.0;13.0;15.0;8.0;0.0;2.0

